Code 	 Latitude 	 Longitude 	 Elevation 	 Depth
CAL  22.53917   88.33067     6.0  	  	  	  	  
AGR  27.13330   78.01670   163.0  	  	  	  	  
AGR  27.13330   78.01670   163.0  	  	  	  	  
DDI  30.32250   78.05560   682.0  	  	  	  	  
BOM  18.89583   72.81267     6.0  	  	  	  	  
BOM  18.89583   72.81267     6.0  	  	  	  	  
AAA  43.20900   76.91500   920.0  	  	  	  	  
AAA  43.20900   76.91500   920.0  	  	  	  	  
FRU  42.83330   74.61670   655.0  	  	  	  	  
FRU  42.83330   74.61670   655.0  	  	  	  	  
KOD  10.23330   77.46670  2345.0  	  	  	  	  
KOD  10.23330   77.46670  2345.0  	  	  	  	  
PLV  20.80600  106.62900    90.0  	  	  	  	  
PLV  20.80600  106.62900    90.0  	  	  	  	  
PLV  20.80600  106.62900    90.0  	  	  	  	  
PLV  20.80600  106.62900    90.0  	  	  	  	  
PLV  20.80600  106.62900    90.0  	  	  	  	  
TAS  41.32500   69.29500   470.0  	  	  	  	  
CHM  42.31900   69.60300   512.0  	  	  	  	  
COC   6.90000   79.86670     7.0  	  	  	  	  
COC   6.90000   79.86670     7.0  	  	  	  	  
HKC  22.30200  114.17430    27.0  	  	  	  	  
HKC  22.30200  114.17430    27.0  	  	  	  	  
MED   3.55000   98.68333    32.0  	  	  	  	  
PEK  40.04030  116.17500    43.0  	  	  	  	  
PEK  40.04030  116.17500    43.0  	  	  	  	  
NAN  32.06330  118.78300    10.0  	  	  	  	  
NAN  32.06330  118.78300    10.0  	  	  	  	  
TAI  22.99520  120.19700    14.0  	  	  	  	  
TAI  22.99520  120.19700    14.0  	  	  	  	  
ZKW  31.18330  121.43300     7.0  	  	  	  	  
ZKW  31.18330  121.43300     7.0  	  	  	  	  
ZKW  31.18330  121.43300     7.0  	  	  	  	  
ZKW  31.18330  121.43300     7.0  	  	  	  	  
TCU  24.14750  120.67600    84.0  	  	  	  	  
TCU  24.14750  120.67600    84.0  	  	  	  	  
KAU  22.56790  120.30800     2.0  	  	  	  	  
KAU  22.56790  120.30800     2.0  	  	  	  	  
ALS  23.51040  120.80500  2413.0  	  	  	  	  
ALS  23.51040  120.80500  2413.0  	  	  	  	  
TAP  25.03930  121.50600     6.0  	  	  	  	  
TAP  25.03930  121.50600     6.0  	  	  	  	  
HEN  22.00547  120.73806    22.1  	  	  	  	  
HEN  22.00547  120.73806    22.1  	  	  	  	  
TTN  22.75400  121.14700     9.0  	  	  	  	  
TTN  22.75400  121.14700     9.0  	  	  	  	  
DAI  38.90000  121.63300    97.0  	  	  	  	  
DAI  38.90000  121.63300    97.0  	  	  	  	  
HWA  23.97700  121.60500    16.0  	  	  	  	  
HWA  23.97700  121.60500    16.0  	  	  	  	  
BAK  40.37200   49.81800    83.0  	  	  	  	  
ISI  24.33167  124.16333     6.0  	  	  	  	  
ISI  24.33167  124.16333     6.0  	  	  	  	  
MAN  14.66000  121.07800    70.0  	  	  	  	  
MAN  14.66000  121.07800    70.0  	  	  	  	  
PYO  39.03330  125.75000    51.0  	  	  	  	  
PYO  39.03330  125.75000    51.0  	  	  	  	  
SVE  56.82700   60.63700   275.0  	  	  	  	  
SVE  56.82700   60.63700   275.0  	  	  	  	  
INC  37.48330  126.63300    70.0  	  	  	  	  
INC  37.48330  126.63300    70.0  	  	  	  	  
SEO  37.56670  126.96700    86.0  	  	  	  	  
SEO  37.56670  126.96700    86.0  	  	  	  	  
TAE  35.86670  128.60000    50.0  	  	  	  	  
TAE  35.86670  128.60000    50.0  	  	  	  	  
GRO  43.32000   45.75000   123.0  	  	  	  	  
SLS  -5.40000  105.21700   240.0  	  	  	  	  
TIF  41.71667   44.80000   399.0  	  	  	  	  
TIF  41.71667   44.80000   399.0  	  	  	  	  
ERE  40.17000   44.47000   998.0  	  	  	  	  
ERE  40.17000   44.47000   998.0  	  	  	  	  
NGS  32.73170  129.87000    24.0  	  	  	  	  
NGS  32.73170  129.87000    24.0  	  	  	  	  
FKK  33.58000  130.38000     3.0  	  	  	  	  
FKK  33.58000  130.38000     3.0  	  	  	  	  
FKK  33.58000  130.38000     3.0  	  	  	  	  
FKK  33.58000  130.38000     3.0  	  	  	  	  
DJA  -6.18333  106.83620     8.0  	  	  	  	  
KAG  31.55083  130.55083     2.0  	  	  	  	  
KAG  31.55083  130.55083     2.0  	  	  	  	  
KUM  32.81000  130.71000    39.0  	  	  	  	  
KUM  32.81000  130.71000    39.0  	  	  	  	  
MYZ  31.92000  131.42333     7.0  	  	  	  	  
MYZ  31.92000  131.42333     7.0  	  	  	  	  
MLB  -7.21667  107.61700  1550.0  	  	  	  	  
MLB  -7.21667  107.61700  1550.0  	  	  	  	  
HMD  34.89330  132.07300    21.0  	  	  	  	  
HMD  34.89330  132.07300    21.0  	  	  	  	  
HIR  34.36330  132.43700    30.0  	  	  	  	  
HIR  34.36330  132.43700    30.0  	  	  	  	  
VLA  43.11960  131.88500    61.0  	  	  	  	  
VLA  43.11960  131.88500    61.0  	  	  	  	  
SHM  32.77500  132.95800     2.0  	  	  	  	  
SHM  32.77500  132.95800     2.0  	  	  	  	  
KOC  33.55330  133.53700    -1.0  	  	  	  	  
KOC  33.55330  133.53700    -1.0  	  	  	  	  
SOC  43.58330   39.71670   192.0  	  	  	  	  
SOC  43.58330   39.71670   192.0  	  	  	  	  
MRT  33.24833  134.18000   186.0  	  	  	  	  
MRT  33.24833  134.18000   186.0  	  	  	  	  
TYK  35.53330  134.82500     4.0  	  	  	  	  
TYK  35.53330  134.82500     4.0  	  	  	  	  
SUM  34.33500  134.90800   110.0  	  	  	  	  
SUM  34.33500  134.90800   110.0  	  	  	  	  
KOB  34.68830  135.18000    58.0  	  	  	  	  
KOB  34.68830  135.18000    58.0  	  	  	  	  
WKY  34.22670  135.16700    14.0  	  	  	  	  
WKY  34.22670  135.16700    14.0  	  	  	  	  
OSA  34.67830  135.52200    13.0  	  	  	  	  
OSA  34.67830  135.52200    13.0  	  	  	  	  
KYO  35.01170  135.73500    42.0  	  	  	  	  
KYO  35.01170  135.73500    42.0  	  	  	  	  
YAG  34.51670  135.80000    63.0  	  	  	  	  
YAG  34.51670  135.80000    63.0  	  	  	  	  
SHJ  33.44830  135.76300    75.0  	  	  	  	  
SHJ  33.44830  135.76300    75.0  	  	  	  	  
HIK  35.27330  136.24700    87.0  	  	  	  	  
HIK  35.27330  136.24700    87.0  	  	  	  	  
KAM  34.85670  136.46500    71.0  	  	  	  	  
KAM  34.85670  136.46500    71.0  	  	  	  	  
GIF  35.39830  136.76500    13.0  	  	  	  	  
GIF  35.39830  136.76500    13.0  	  	  	  	  
WAJ  37.39000  136.89800     7.0  	  	  	  	  
WAJ  37.39000  136.89800     7.0  	  	  	  	  
NAG  35.16500  136.96800    56.0  	  	  	  	  
NAG  35.16500  136.96800    56.0  	  	  	  	  
KSA  33.82333   35.89000   920.0  	  	  	  	  
KSA  33.82333   35.89000   920.0  	  	  	  	  
HMM  34.70667  137.72333    33.0  	  	  	  	  
HMM  34.70667  137.72333    33.0  	  	  	  	  
NGN  36.66000  138.19500   419.0  	  	  	  	  
NGN  36.66000  138.19500   419.0  	  	  	  	  
OIW  36.34000  138.55200  1001.0  	  	  	  	  
OIW  36.34000  138.55200  1001.0  	  	  	  	  
FUN  35.49830  138.76300   860.0  	  	  	  	  
FUN  35.49830  138.76300   860.0  	  	  	  	  
MAE  36.40170  139.06500   112.0  	  	  	  	  
MAE  36.40170  139.06500   112.0  	  	  	  	  
SUS  34.66670  138.98300     3.0  	  	  	  	  
SUS  34.66670  138.98300     3.0  	  	  	  	  
YAL  44.48750   34.15472    23.0  	  	  	  	  
YAL  44.48750   34.15472    23.0  	  	  	  	  
SIM  44.94900   34.11600   275.0  	  	  	  	  
SIM  44.94900   34.11600   275.0  	  	  	  	  
KMG  36.14660  139.38333    31.0  	  	  	  	  
KMG  36.14660  139.38333    31.0  	  	  	  	  
SEV  44.54500   33.66800    42.0  	  	  	  	  
SEV  44.54500   33.66800    42.0  	  	  	  	  
TOK  35.68667  139.75833  -285.0  	  	  	  	  
TOK  35.68667  139.75833  -285.0  	  	  	  	  
HNG  35.71110  139.76600    18.0  	  	  	  	  
HNG  35.71110  139.76600    18.0  	  	  	  	  
AKI  39.71833  140.10167    10.0  	  	  	  	  
AKI  39.71833  140.10167    10.0  	  	  	  	  
MTJ  36.21080  140.11000   286.0  	  	  	  	  
MTJ  36.21080  140.11000   286.0  	  	  	  	  
KAK  36.23170  140.19300    27.0  	  	  	  	  
KAK  36.23170  140.19300    27.0  	  	  	  	  
MIT  36.37830  140.47200    29.0  	  	  	  	  
MIT  36.37830  140.47200    29.0  	  	  	  	  
AOM  40.81667  140.78333     5.0  	  	  	  	  
AOM  40.81667  140.78333     5.0  	  	  	  	  
SEN  38.26000  140.90000    38.0  	  	  	  	  
SEN  38.26000  140.90000    38.0  	  	  	  	  
CHO  35.72500  140.84333    27.0  	  	  	  	  
CHO  35.72500  140.84333    27.0  	  	  	  	  
MIZ  39.13430  141.13600    63.0  	  	  	  	  
MIZ  39.13430  141.13600    63.0  	  	  	  	  
MRK  39.69667  141.16667   154.0  	  	  	  	  
MRK  39.69667  141.16667   154.0  	  	  	  	  
SAP  43.05830  141.33200    17.0  	  	  	  	  
SAP  43.05830  141.33200    17.0  	  	  	  	  
ASA  43.77000  142.37300   112.0  	  	  	  	  
ASA  43.77000  142.37300   112.0  	  	  	  	  
URA  42.15833  142.78167    30.0  	  	  	  	  
URA  42.15833  142.78167    30.0  	  	  	  	  
HLW  29.85830   31.34170   135.0  	  	  	  	  
HLW  29.85830   31.34170   135.0  	  	  	  	  
HLW  29.85830   31.34170   135.0  	  	  	  	  
HLW  29.85830   31.34170   135.0  	  	  	  	  
KUS  42.97500  144.39167    33.0  	  	  	  	  
KUS  42.97500  144.39167    33.0  	  	  	  	  
TTZ  27.08330  142.18300   	  	  	  	  
TTZ  27.08330  142.18300   	  	  	  	  
PLA   7.33333  134.48300   390.0  	  	  	  	  
PLA   7.33333  134.48300   390.0  	  	  	  	  
PUL  59.77280   30.32220    88.5     5.5 	  	  	  	  
PUL  59.77280   30.32220    88.5     5.5 	  	  	  	  
AMO  -3.70000  128.16700   	  	  	  	  
AMO  -3.70000  128.16700   	  	  	  	  
LVV  49.81900   24.03100   320.0  	  	  	  	  
LVV  49.81900   24.03100   320.0  	  	  	  	  
HEL  60.17560   24.95700    20.0  	  	  	  	  
HEL  60.17560   24.95700    20.0  	  	  	  	  
BEO  44.80930   20.47142   129.0  	  	  	  	  
BEO  44.80930   20.47142   129.0  	  	  	  	  
UPP  59.85760   17.62290    14.0  	  	  	  	  
UPP  59.85760   17.62290    14.0  	  	  	  	  
UPP  59.85760   17.62290    14.0  	  	  	  	  
UPP  59.85760   17.62290    14.0  	  	  	  	  
UPP  59.85760   17.62290    14.0  	  	  	  	  
VIE  48.24830   16.36170   198.0  	  	  	  	  
VIE  48.24830   16.36170   198.0  	  	  	  	  
ZAG*  45.81670   15.98330   155.0  	  	  	  	  
ZAG*  45.81670   15.98330   155.0  	  	  	  	  
GRA  47.07670   15.44830   369.0  	  	  	  	  
GRA  47.07670   15.44830   369.0  	  	  	  	  
PRA  50.07030   14.43310   225.0  	  	  	  	  
PRA  50.07030   14.43310   225.0  	  	  	  	  
LJU  46.04375   14.52739   396.0  	  	  	  	  
LJU  46.04375   14.52739   396.0  	  	  	  	  
TAN -18.91690   47.55190  1375.0  	  	  	  	  
TAN -18.91690   47.55190  1375.0  	  	  	  	  
COP  55.68531   12.43250    13.0  	  	  	  	  
COP  55.68531   12.43250    13.0  	  	  	  	  
TRS  45.64280   13.75390     8.0  	  	  	  	  
TRS  45.64280   13.75390     8.0  	  	  	  	  
LEI  51.33500   12.39170   113.0  	  	  	  	  
LEI  51.33500   12.39170   113.0  	  	  	  	  
CHE  50.07940   12.37610   430.0  	  	  	  	  
CHE  50.07940   12.37610   430.0  	  	  	  	  
NPL  40.84670   14.25780     7.0  	  	  	  	  
NPL  40.84670   14.25780     7.0  	  	  	  	  
JEN  50.95190   11.58330   193.0  	  	  	  	  
JEN  50.95190   11.58330   193.0  	  	  	  	  
JEN  50.95190   11.58330   193.0  	  	  	  	  
JEN  50.95190   11.58330   193.0  	  	  	  	  
JEN  50.95190   11.58330   193.0  	  	  	  	  
JEN  50.95190   11.58330   193.0  	  	  	  	  
VEN  45.43330   12.33330     1.0  	  	  	  	  
VEN  45.43330   12.33330     1.0  	  	  	  	  
HAM  53.46510    9.92478    30.0  	  	  	  	  
HAM  53.46510    9.92478    30.0  	  	  	  	  
GTT  51.54640    9.96417   272.0  	  	  	  	  
GTT  51.54640    9.96417   272.0  	  	  	  	  
GTT  51.54640    9.96417   272.0  	  	  	  	  
GTT  51.54640    9.96417   272.0  	  	  	  	  
GTT  51.54640    9.96417   272.0  	  	  	  	  
GTT  51.54640    9.96417   272.0  	  	  	  	  
GTT  51.54640    9.96417   272.0  	  	  	  	  
GTT  51.54640    9.96417   272.0  	  	  	  	  
GTT  51.54640    9.96417   272.0  	  	  	  	  
GTT  51.54640    9.96417   272.0  	  	  	  	  
GTT  51.54640    9.96417   272.0  	  	  	  	  
GTT  51.54640    9.96417   272.0  	  	  	  	  
GTT  51.54640    9.96417   272.0  	  	  	  	  
GTT  51.54640    9.96417   272.0  	  	  	  	  
GTT  51.54640    9.96417   272.0  	  	  	  	  
GTT  51.54640    9.96417   272.0  	  	  	  	  
GTT  51.54640    9.96417   272.0  	  	  	  	  
GTT  51.54640    9.96417   272.0  	  	  	  	  
GTT  51.54640    9.96417   272.0  	  	  	  	  
GTT  51.54640    9.96417   272.0  	  	  	  	  
GTT  51.54640    9.96417   272.0  	  	  	  	  
GTT  51.54640    9.96417   272.0  	  	  	  	  
GTT  51.54640    9.96417   272.0  	  	  	  	  
GTT  51.54640    9.96417   272.0  	  	  	  	  
GTT  51.54640    9.96417   272.0  	  	  	  	  
GTT  51.54640    9.96417   272.0  	  	  	  	  
GTT  51.54640    9.96417   272.0  	  	  	  	  
GTT  51.54640    9.96417   272.0  	  	  	  	  
FIR  43.77390   11.25500    46.0  	  	  	  	  
FIR  43.77390   11.25500    46.0  	  	  	  	  
PTF  43.95944   11.06972   550.0  	  	  	  	  
PTF  43.95944   11.06972   550.0  	  	  	  	  
STU  48.77190    9.19500   360.0  	  	  	  	  
STU  48.77190    9.19500   360.0  	  	  	  	  
CHU  46.84990    9.53669   630.0  	  	  	  	  
CHU  46.84990    9.53669   630.0  	  	  	  	  
PCN  45.03530    9.72470    55.0  	  	  	  	  
PCN  45.03530    9.72470    55.0  	  	  	  	  
KRL  49.01080    8.41222   114.0  	  	  	  	  
KRL  49.01080    8.41222   114.0  	  	  	  	  
BER  60.38381    5.33389    50.0  	  	  	  	  
BER  60.38381    5.33389    50.0  	  	  	  	  
ZUR  47.36921    8.58088   615.0  	  	  	  	  
ZUR  47.36921    8.58088   615.0  	  	  	  	  
FEL  47.87580    8.01270  1330.0     0.0 	  	  	  	  
FEL  47.87580    8.01270  1330.0     0.0 	  	  	  	  
STR  48.58450    7.76583   135.0  	  	  	  	  
STR  48.58450    7.76583   135.0  	  	  	  	  
BAS  47.54000    7.58167   309.0  	  	  	  	  
BAS  47.54000    7.58167   309.0  	  	  	  	  
NEU  46.99730    6.95733   487.0  	  	  	  	  
NEU  46.99730    6.95733   487.0  	  	  	  	  
DBN  52.10167    5.17667     3.0  	  	  	  	  
DBN  52.10167    5.17667     3.0  	  	  	  	  
TUN  36.80000   10.13330   	  	  	  	  
TUN  36.80000   10.13330   	  	  	  	  
PER -31.95270  115.83900    55.0  	  	  	  	  
PER -31.95270  115.83900    55.0  	  	  	  	  
UCC  50.79830    4.35944   105.0  	  	  	  	  
UCC  50.79830    4.35944   105.0  	  	  	  	  
MAR  43.30530    5.39389    75.0  	  	  	  	  
MAR  43.30530    5.39389    75.0  	  	  	  	  
PAR  48.80944    2.49361    47.0  	  	  	  	  
PAR  48.80944    2.49361    47.0  	  	  	  	  
PDD  45.76670    2.96667  1450.0  	  	  	  	  
PDD  45.76670    2.96667  1450.0  	  	  	  	  
DUR  54.76840   -1.58500   103.0  	  	  	  	  
DUR  54.76840   -1.58500   103.0  	  	  	  	  
KEW  51.46830   -0.31306     5.0  	  	  	  	  
KEW  51.46830   -0.31306     5.0  	  	  	  	  
KEW  51.46830   -0.31306     5.0  	  	  	  	  
KEW  51.46830   -0.31306     5.0  	  	  	  	  
KEW  51.46830   -0.31306     5.0  	  	  	  	  
KEW  51.46830   -0.31306     5.0  	  	  	  	  
KEW  51.46830   -0.31306     5.0  	  	  	  	  
KEW  51.46830   -0.31306     5.0  	  	  	  	  
KEW  51.46830   -0.31306     5.0  	  	  	  	  
KEW  51.46830   -0.31306     5.0  	  	  	  	  
KEW  51.46830   -0.31306     5.0  	  	  	  	  
KEW  51.46830   -0.31306     5.0  	  	  	  	  
KEW  51.46830   -0.31306     5.0  	  	  	  	  
KEW  51.46830   -0.31306     5.0  	  	  	  	  
KEW  51.46830   -0.31306     5.0  	  	  	  	  
KEW  51.46830   -0.31306     5.0  	  	  	  	  
KEW  51.46830   -0.31306     5.0  	  	  	  	  
KEW  51.46830   -0.31306     5.0  	  	  	  	  
KEW  51.46830   -0.31306     5.0  	  	  	  	  
EDI  55.92330   -3.18750   125.0  	  	  	  	  
EDI  55.92330   -3.18750   125.0  	  	  	  	  
OXD  51.76670   -1.25000    61.0  	  	  	  	  
OXD  51.76670   -1.25000    61.0  	  	  	  	  
OXD  51.76670   -1.25000    61.0  	  	  	  	  
OXD  51.76670   -1.25000    61.0  	  	  	  	  
BID  53.40000   -3.06667    60.0  	  	  	  	  
BID  53.40000   -3.06667    60.0  	  	  	  	  
FBR  41.41640    2.12500   405.0  	  	  	  	  
FBR  41.41640    2.12500   405.0  	  	  	  	  
FBR  41.41640    2.12500   405.0  	  	  	  	  
FBR  41.41640    2.12500   405.0  	  	  	  	  
FBR  41.41640    2.12500   405.0  	  	  	  	  
FBR  41.41640    2.12500   405.0  	  	  	  	  
FBR  41.41640    2.12500   405.0  	  	  	  	  
FBR  41.41640    2.12500   405.0  	  	  	  	  
FBR  41.41640    2.12500   405.0  	  	  	  	  
FBR  41.41640    2.12500   405.0  	  	  	  	  
FBR  41.41640    2.12500   405.0  	  	  	  	  
FBR  41.41640    2.12500   405.0  	  	  	  	  
ALG  36.77170    3.05833    59.0  	  	  	  	  
ALG  36.77170    3.05833    59.0  	  	  	  	  
BDB  43.06500    0.14833   561.0  	  	  	  	  
EBR  40.82060    0.49361    50.0  	  	  	  	  
EBR  40.82060    0.49361    50.0  	  	  	  	  
EBR  40.82060    0.49361    50.0  	  	  	  	  
EBR  40.82060    0.49361    50.0  	  	  	  	  
SCO  70.48330  -21.95000    69.0  	  	  	  	  
SCO  70.48330  -21.95000    69.0  	  	  	  	  
ALI  38.35530   -0.48725    35.0  	  	  	  	  
ALI  38.35530   -0.48725    35.0  	  	  	  	  
ALM  36.85253   -2.45978    65.0  	  	  	  	  
ALM  36.85253   -2.45978    65.0  	  	  	  	  
REY  64.12780  -21.90500    44.0  	  	  	  	  
REY  64.12780  -21.90500    44.0  	  	  	  	  
TOL  39.88140   -4.04861   480.0  	  	  	  	  
TOL  39.88140   -4.04861   480.0  	  	  	  	  
CRT  37.19000   -3.59556   774.0  	  	  	  	  
CRT  37.19000   -3.59556   774.0  	  	  	  	  
MAL  36.72750   -4.41111    60.0  	  	  	  	  
MAL  36.72750   -4.41111    60.0  	  	  	  	  
PTO  41.13861   -8.60222    88.0  	  	  	  	  
PTO  41.13861   -8.60222    88.0  	  	  	  	  
SFS  36.46561   -6.20553    21.0  	  	  	  	  
SFS  36.46561   -6.20553    21.0  	  	  	  	  
SFS  36.46561   -6.20553    21.0  	  	  	  	  
SFS  36.46561   -6.20553    21.0  	  	  	  	  
JOH -26.18170   28.07500  1806.0  	  	  	  	  
JOH -26.18170   28.07500  1806.0  	  	  	  	  
ADE -34.96690  138.70900   655.0  	  	  	  	  
ADE -34.96690  138.70900   655.0  	  	  	  	  
MEL -37.83139  144.97333    28.0  	  	  	  	  
MEL -37.83139  144.97333    28.0  	  	  	  	  
MEL -37.83139  144.97333    28.0  	  	  	  	  
MEL -37.83139  144.97333    28.0  	  	  	  	  
MEL -37.83139  144.97333    28.0  	  	  	  	  
MEL -37.83139  144.97333    28.0  	  	  	  	  
MEL -37.83139  144.97333    28.0  	  	  	  	  
MEL -37.83139  144.97333    28.0  	  	  	  	  
IVI  61.20581  -48.17119    15.0  	  	  	  	  
IVI  61.20581  -48.17119    15.0  	  	  	  	  
RIV -33.82940  151.15800    25.0  	  	  	  	  
RIV -33.82940  151.15800    25.0  	  	  	  	  
SYD -33.86670  151.20000    43.0  	  	  	  	  
SYD -33.86670  151.20000    43.0  	  	  	  	  
CTO -33.95000   18.45000   100.0  	  	  	  	  
CTO -33.95000   18.45000   100.0  	  	  	  	  
SIT  57.05690 -135.32440    19.0  	  	  	  	  
SIT  57.05690 -135.32440    19.0  	  	  	  	  
DAK  14.66670  -17.43330    30.0  	  	  	  	  
SUV -18.14890  178.45700     6.0  	  	  	  	  
SUV -18.14890  178.45700     6.0  	  	  	  	  
VIC  48.51940 -123.41500   197.0  	  	  	  	  
VIC  48.51940 -123.41500   197.0  	  	  	  	  
SAS  52.13330 -106.63300   515.0  	  	  	  	  
SAS  52.13330 -106.63300   515.0  	  	  	  	  
HON  21.32420 -158.00100     2.0  	  	  	  	  
HON  21.32420 -158.00100     2.0  	  	  	  	  
SEA  47.65500 -122.30800    30.0  	  	  	  	  
SEA  47.65500 -122.30800    30.0  	  	  	  	  
HAL  44.63770  -63.59200    64.0  	  	  	  	  
HAL  44.63770  -63.59200    64.0  	  	  	  	  
NPZ -39.06404  174.07350    34.0  	  	  	  	  
CHR -43.53113  172.62682     8.0  	  	  	  	  
CHR -43.53113  172.62682     8.0  	  	  	  	  
ARA -38.07152  175.64351    65.0  	  	  	  	  
ARA -38.07152  175.64351    65.0  	  	  	  	  
GLE -42.89831  173.09514    74.0  	  	  	  	  
WEL -41.28403  174.76820   138.0  	  	  	  	  
WEL -41.28403  174.76820   138.0  	  	  	  	  
BZM  45.66690 -111.04500  1490.0  	  	  	  	  
BZM  45.66690 -111.04500  1490.0  	  	  	  	  
OTT  45.39420  -75.71670    77.0  	  	  	  	  
OTT  45.39420  -75.71670    77.0  	  	  	  	  
API -13.80720 -171.77500     2.0  	  	  	  	  
API -13.80720 -171.77500     2.0  	  	  	  	  
HRV  42.50640  -71.55830   200.0  	  	  	  	  
HRV  42.50640  -71.55830   200.0  	  	  	  	  
TNT  43.66670  -79.40000   111.0  	  	  	  	  
TNT  43.66670  -79.40000   111.0  	  	  	  	  
UKI  39.13720 -123.21100   199.0  	  	  	  	  
UKI  39.13720 -123.21100   199.0  	  	  	  	  
BRK  37.87353 -122.26100    49.4  	  	  	  	  
BRK  37.87353 -122.26100    49.4  	  	  	  	  
FOR  40.86310  -73.88560    24.0  	  	  	  	  
FOR  40.86310  -73.88560    24.0  	  	  	  	  
PAC  37.41670 -122.18200    83.0  	  	  	  	  
AAM  42.30120  -83.65670   172.0  	  	  	  	  
AAM  42.30120  -83.65670   172.0  	  	  	  	  
MHC  37.34164 -121.64258  1250.4  	  	  	  	  
PIT  40.44500  -79.95330   273.0  	  	  	  	  
PIT  40.44500  -79.95330   273.0  	  	  	  	  
TIN  37.05422 -118.23009  1197.0  	  	  	  	  
TIN  37.05422 -118.23009  1197.0  	  	  	  	  
GEO  38.90000  -77.06670    29.0  	  	  	  	  
GEO  38.90000  -77.06670    29.0  	  	  	  	  
HAI  36.13670 -117.94700  1150.0  	  	  	  	  
CLT  38.03330  -78.51670   150.0  	  	  	  	  
CLT  38.03330  -78.51670   150.0  	  	  	  	  
FLO  38.80170  -90.37000   160.0  	  	  	  	  
FLO  38.80170  -90.37000   160.0  	  	  	  	  
SLM  38.63610  -90.23610   161.0  	  	  	  	  
SLM  38.63610  -90.23610   161.0  	  	  	  	  
PAS  34.14844 -118.17114   257.0  	  	  	  	  
PAS  34.14844 -118.17114   257.0  	  	  	  	  
LPA -34.90890  -57.93190    14.0  	  	  	  	  
LPA -34.90890  -57.93190    14.0  	  	  	  	  
LPA -34.90890  -57.93190    14.0  	  	  	  	  
LPA -34.90890  -57.93190    14.0  	  	  	  	  
LPA -34.90890  -57.93190    14.0  	  	  	  	  
LPA -34.90890  -57.93190    14.0  	  	  	  	  
LPA -34.90890  -57.93190    14.0  	  	  	  	  
LPA -34.90890  -57.93190    14.0  	  	  	  	  
LPA -34.90890  -57.93190    14.0  	  	  	  	  
LPA -34.90890  -57.93190    14.0  	  	  	  	  
LPA -34.90890  -57.93190    14.0  	  	  	  	  
LPA -34.90890  -57.93190    14.0  	  	  	  	  
LPA -34.90890  -57.93190    14.0  	  	  	  	  
LPA -34.90890  -57.93190    14.0  	  	  	  	  
LPA -34.90890  -57.93190    14.0  	  	  	  	  
LPA -34.90890  -57.93190    14.0  	  	  	  	  
LPA -34.90890  -57.93190    14.0  	  	  	  	  
LPA -34.90890  -57.93190    14.0  	  	  	  	  
LPA -34.90890  -57.93190    14.0  	  	  	  	  
LPA -34.90890  -57.93190    14.0  	  	  	  	  
LPA -34.90890  -57.93190    14.0  	  	  	  	  
LPA -34.90890  -57.93190    14.0  	  	  	  	  
LPA -34.90890  -57.93190    14.0  	  	  	  	  
LPA -34.90890  -57.93190    14.0  	  	  	  	  
LPA -34.90890  -57.93190    14.0  	  	  	  	  
LPZ -16.49530  -68.13270  3658.0  	  	  	  	  
LPZ -16.49530  -68.13270  3658.0  	  	  	  	  
LPZ -16.49530  -68.13270  3658.0  	  	  	  	  
LPZ -16.49530  -68.13270  3658.0  	  	  	  	  
LPZ -16.49530  -68.13270  3658.0  	  	  	  	  
LPZ -16.49530  -68.13270  3658.0  	  	  	  	  
LPZ -16.49530  -68.13270  3658.0  	  	  	  	  
LPZ -16.49530  -68.13270  3658.0  	  	  	  	  
LPZ -16.49530  -68.13270  3658.0  	  	  	  	  
LPZ -16.49530  -68.13270  3658.0  	  	  	  	  
LPZ -16.49530  -68.13270  3658.0  	  	  	  	  
LPZ -16.49530  -68.13270  3658.0  	  	  	  	  
LPZ -16.49530  -68.13270  3658.0  	  	  	  	  
LPZ -16.49530  -68.13270  3658.0  	  	  	  	  
LPZ -16.49530  -68.13270  3658.0  	  	  	  	  
LPZ -16.49530  -68.13270  3658.0  	  	  	  	  
LPZ -16.49530  -68.13270  3658.0  	  	  	  	  
LPZ -16.49530  -68.13270  3658.0  	  	  	  	  
LPZ -16.49530  -68.13270  3658.0  	  	  	  	  
LPZ -16.49530  -68.13270  3658.0  	  	  	  	  
LPZ -16.49530  -68.13270  3658.0  	  	  	  	  
LPZ -16.49530  -68.13270  3658.0  	  	  	  	  
LPZ -16.49530  -68.13270  3658.0  	  	  	  	  
LPZ -16.49530  -68.13270  3658.0  	  	  	  	  
